name = "BMW Z3M Viperwizard"
P_engine = 308
lat_limit = 13.2435
acc_limit = 4.3703550
c_drag = 0.85
c_roll = 0.015
dec_limit = 11.256975
mass = 1_450
trail_braking = 70
corner_acc = 90
