name = "Peugeot 205 Gti RFS"
P_engine = 122
acc_grip_max = 11.2815
acc_limit = 4.370355
c_drag = 0.26765
c_roll = 0.016
dec_limit = 9.81
mass = 1_045
trail_braking = 70
corner_acc = 50